1
18
44
53
64
80
101
108
118
132
152
167
176
196
206
220
246
278
296
308
331
350
367
387
405
414
427
443
454
473
487
497
511
523
535
556
587
603
620
631
646
686
716
735
761
786
803
824
840
857
869
891
902
910
931
958
972
983
1001
1019
1032
1042
1056
1067
1092
1110
1123
1134
1148
1159
1168
1179
1190
1209
1224
1231
1240
1247
1261
1276
1287
1300
1313
1327
1351
1364
1372
1404
1421
1433
1443
1467
1493
1505
1515
1529
1540
1560
1583
1590
1617
1639
1653
1668
1680
1700
1731
1765
1791
1816
1831
1842
1850
1863
1881
1899
1908
1918
1928
1947
1958
1981
1996
2020
2037
2046
2053
2063
2072
2080
2092
2107
2124
2137
2155
2164
2179
2198
2206
2218
2235
2254
2277
2286
2301
2314
2322
2335
2347
2366
2379
2396
2405
2422
2443
2456
2467
2479
2491
2504
2509
2526
2545
2579
2595
2601
2611
2628
2638
2647
2658
2668
2678
2692
2701
2707
2723
2752
2769
2798
2823
2842
2853
2866
2877
2892
2902
2920
2967
2978
2992
2997
3013
3018
3025
3038
3050
3065
3072
3091
3106
3116
3130
3144
3158
3178
3202
3213
3233
3244
3256
3271
3290
3308
3321
3330
3348
3365
3378
3396
3414
3426
3445
3458
3471
3484
3497
3512
3526
3541
3552
3568
3582
3597
3612
3621
3636
3648
3665
3675
3684
3695
3705
3719
3740
3752
3766
3779
3792
3799
3815
3828
3835
3846
3857
3866
3873
3886
3895
3921
3934
3947
3955
3964
3976
3983
3994
4004
